-3600684673046746647 -205130443511197157 -3484001382336276315 -250335035203312809
-9013977398188108465 -205130443511197160 2970495960942836506 6267185441477655629
-5328334212504021066 8385048196757037634 -4504308158054569553 228877859414596699
-8365399287854032216 8385048196757037633 -6355403451979836040 6375020611419205009
-6708222961355695896 3758404003974008318 1614177071163473704 -9175618893773280706
-5766960085200150671 3758404003974008317 4431491780621176306 -6439867540155785346
-7606189292931515995 3739997820997815300 -4648497658611540972 1939783783525509557
2760628523920674352 3739997820997815303 1126847550899846019 1876805701044697524
-5384599465384380250 8694548486518237131 -7044058348807035746 6039688669901519859
-4461813482761256020 8694548486518237128 4829230901998002077 -452164923425948679
