-7752193061319691717 7432607186157024708 6460894680997238885 -6131944617825788006
4168125442831735666 7432607186157024711 -2692239498159920840 -8908407403645401203
2038475821288968230 4412192353417278562 -1781488346926864269 -4163649677609513929
-1184688890142081128 4412192353417278561 -1271089420333205529 4388842235678112798
2060772508562530397 4452736180154483107 5540963311132771831 7905904895543960585
7970412131668476265 4452736180154483104 -4889655057304698151 -1192423874309242352
8819945281769204795 -5164029532963857661 222747544471649853 -4529415846136723195
-4011100037807221688 -5164029532963857664 -1634343923840855289 -7398922260146021297
-527584145710328780 1512846101560695905 509035209841651401 -1494240340048746852
-9058082488613532706 1512846101560695906 2354385678118273493 -5324951062726257047
