-7855120904535155171 469873594413841983 -1498118946921851659 9173214987533972695
7989749472829302830 469873594413841980 5267415102405105463 2413233940499775781
-1392309705750094980 3596570278029880073 -2375671208111853753 163250746148757298
740222730918749753 3596570278029880074 -5160370616692677908 -8948943306347417633
-4879300784736074375 -5938965130591946010 -5369068382184577433 -6584104705826465288
5393709039289225763 -5938965130591946011 -6110181587132186571 5510863730480376051
-2592142688878206137 -5249666627992252158 5700463707319952900 2612006949885744193
-7997644177254570601 -5249666627992252159 -7701219321856420536 -5532640058133831202
-6520506937963284413 6032875672657389218 -7565200572588950998 7005515384298955979
4540430097779309058 6032875672657389217 3060443851449490706 5098967702418653617
