1312942615428034673 -8808115423000210434 7559041428399503970 -63939024685426195
-9213187409597466736 -8808115423000210435 -6163993342074769152 -5795429190530820755
1327284417069041704 -7977375879920474167 -9055165468334123679 104790302347393664
9081818858477681788 -7977375879920474166 -5861427943619674047 4750090971307514871
9213190650580963665 8217334046092620776 7939913680182193162 7197381945045601971
-3395705573551685990 8217334046092620779 488516768250198222 -6616248087831759425
-8008106416665227653 7473699437925162762 -5566996606119809902 5031815711829802467
-7179680284127641806 7473699437925162761 7073277918063137253 -7367299571415354914
-5056729264953630204 -8129145504019442242 -7915276078393914621 -6567707401040429895
-348901366377798836 -8129145504019442243 708653146161525341 9066495356870165676
