7891642187052766943 -8793571338682106264 5369931986302490704 -6703714679033761561
3530346021834439576 -8793571338682106261 -4874267758616863602 672062437078129021
4882352948540631662 4986818607215529968 -3798109668862845556 -3621104825614223342
-1643026466088215859 4986818607215529971 5984090566005424456 -68200977867877258
-2881305074662315670 -5829375319962306610 3350794800590077651 6456473406302511223
4778070930469447874 -5829375319962306611 -2149953242452469121 1116660507539670384
1258905393950204464 -5465857570344859876 2687876609237643145 -9218699945270424923
-7722241866757029333 -5465857570344859873 3668010888878744397 1303562192709920377
8898189213794534258 -5136203024684672176 8576674909276113910 -5421695004732746796
6943870300068103224 -5136203024684672173 641093079329645591 -3458622183034291332
